[Dinner1.JPG]
filters=finetune2=1,0.000000,0.064561,0.171228,00000000,0.000000;
moddate=00007c492fd9ff68
width=5184
height=3456
textactive=0
